For k = 1

*********CONFUSION_MATRIX**********

[[4 0 0 0 0 0 0 0 0 0 0 0 0 0]
 [0 3 0 0 0 0 0 0 0 0 0 0 0 0]
 [0 0 4 0 0 0 0 0 0 0 0 0 0 0]
 [0 0 0 4 0 0 0 0 0 0 0 0 0 0]
 [0 0 0 0 3 0 0 0 0 0 0 0 0 0]
 [0 0 0 0 0 4 0 0 0 0 0 0 0 0]
 [0 0 0 0 0 0 3 0 0 0 0 0 0 0]
 [0 0 0 0 0 0 0 3 0 0 0 0 0 0]
 [0 0 0 0 0 0 0 0 4 0 0 0 0 0]
 [0 0 0 0 0 0 0 0 0 4 0 0 0 0]
 [0 0 0 0 0 0 0 0 0 0 1 0 0 0]
 [0 0 0 0 0 0 0 0 0 0 0 2 0 0]
 [0 0 0 0 0 0 0 0 0 0 0 0 4 0]
 [0 0 0 0 0 0 0 0 0 0 0 0 0 4]]
Accuracy : 1.00
Recall : 1.00
f1 Score : 1.00

***********REPORT*************
              precision    recall  f1-score   support

    17BCS001       1.00      1.00      1.00         4
    17BCS003       1.00      1.00      1.00         3
    17BCS005       1.00      1.00      1.00         4
    17BCS007       1.00      1.00      1.00         4
    17BCS009       1.00      1.00      1.00         3
    17BCS011       1.00      1.00      1.00         4
    17BCS013       1.00      1.00      1.00         3
    17BCS017       1.00      1.00      1.00         3
    17BCS019       1.00      1.00      1.00         4
    17BCS023       1.00      1.00      1.00         4
    17BCS029       1.00      1.00      1.00         1
    17BCS031       1.00      1.00      1.00         2
    17BCS033       1.00      1.00      1.00         4
    17BCS037       1.00      1.00      1.00         4

    accuracy                           1.00        47
   macro avg       1.00      1.00      1.00        47
weighted avg       1.00      1.00      1.00        47


For k = 3

*********CONFUSION_MATRIX**********

[[4 0 0 0 0 0 0 0 0 0 0 0 0 0]
 [1 2 0 0 0 0 0 0 0 0 0 0 0 0]
 [0 0 3 0 0 0 0 0 0 0 0 0 1 0]
 [0 0 0 4 0 0 0 0 0 0 0 0 0 0]
 [0 0 1 0 2 0 0 0 0 0 0 0 0 0]
 [0 0 1 0 0 3 0 0 0 0 0 0 0 0]
 [0 1 1 1 0 0 0 0 0 0 0 0 0 0]
 [0 0 0 0 1 0 0 2 0 0 0 0 0 0]
 [1 0 1 0 0 1 0 0 1 0 0 0 0 0]
 [0 1 1 0 0 0 0 0 0 2 0 0 0 0]
 [1 0 0 0 0 0 0 0 0 0 0 0 0 0]
 [0 0 0 0 0 0 0 1 0 1 0 0 0 0]
 [1 0 0 0 0 0 0 0 0 0 0 0 3 0]
 [1 0 0 0 0 0 0 0 0 0 0 0 0 3]]
Accuracy : 0.62
Recall : 0.55
f1 Score : 0.52

***********REPORT*************
              precision    recall  f1-score   support

    17BCS001       0.44      1.00      0.62         4
    17BCS003       0.50      0.67      0.57         3
    17BCS005       0.38      0.75      0.50         4
    17BCS007       0.80      1.00      0.89         4
    17BCS009       0.67      0.67      0.67         3
    17BCS011       0.75      0.75      0.75         4
    17BCS013       1.00      0.00      0.00         3
    17BCS017       0.67      0.67      0.67         3
    17BCS019       1.00      0.25      0.40         4
    17BCS023       0.67      0.50      0.57         4
    17BCS029       1.00      0.00      0.00         1
    17BCS031       1.00      0.00      0.00         2
    17BCS033       0.75      0.75      0.75         4
    17BCS037       1.00      0.75      0.86         4

    accuracy                           0.62        47
   macro avg       0.76      0.55      0.52        47
weighted avg       0.74      0.62      0.58        47


For k = 5

*********CONFUSION_MATRIX**********

[[4 0 0 0 0 0 0 0 0 0 0 0 0 0]
 [0 1 0 0 0 2 0 0 0 0 0 0 0 0]
 [0 0 3 0 1 0 0 0 0 0 0 0 0 0]
 [0 0 0 4 0 0 0 0 0 0 0 0 0 0]
 [0 0 1 0 2 0 0 0 0 0 0 0 0 0]
 [0 0 1 0 0 2 0 0 1 0 0 0 0 0]
 [2 0 1 0 0 0 0 0 0 0 0 0 0 0]
 [0 0 0 0 1 0 0 2 0 0 0 0 0 0]
 [2 0 1 0 0 0 0 0 0 1 0 0 0 0]
 [0 1 1 0 0 0 0 0 0 2 0 0 0 0]
 [1 0 0 0 0 0 0 0 0 0 0 0 0 0]
 [0 0 1 0 0 0 0 0 0 1 0 0 0 0]
 [0 0 1 0 0 2 0 0 1 0 0 0 0 0]
 [0 0 0 0 0 0 0 0 0 0 0 0 0 4]]
Accuracy : 0.51
Recall : 0.46
f1 Score : 0.41

***********REPORT*************
              precision    recall  f1-score   support

    17BCS001       0.44      1.00      0.62         4
    17BCS003       0.50      0.33      0.40         3
    17BCS005       0.30      0.75      0.43         4
    17BCS007       1.00      1.00      1.00         4
    17BCS009       0.50      0.67      0.57         3
    17BCS011       0.33      0.50      0.40         4
    17BCS013       1.00      0.00      0.00         3
    17BCS017       1.00      0.67      0.80         3
    17BCS019       0.00      0.00      0.00         4
    17BCS023       0.50      0.50      0.50         4
    17BCS029       1.00      0.00      0.00         1
    17BCS031       1.00      0.00      0.00         2
    17BCS033       1.00      0.00      0.00         4
    17BCS037       1.00      1.00      1.00         4

    accuracy                           0.51        47
   macro avg       0.68      0.46      0.41        47
weighted avg       0.64      0.51      0.45        47


